600 240 0.0 4 0
3 63
4 331
5 9
5 38
5 206
7 561
10 202
12 443
14 224
14 394
14 495
15 280
15 344
20 460
25 561
26 273
27 241
28 536
31 191
32 546
32 549
33 254
33 374
33 484
34 203
34 454
36 306
38 265
42 58
42 70
42 527
43 587
44 51
44 362
47 501
49 592
51 549
54 327
54 355
54 364
57 252
57 374
61 275
63 312
65 252
66 241
69 455
75 190
75 463
76 335
76 388
77 443
78 407
79 524
79 545
82 439
83 258
87 233
92 478
95 519
96 356
100 377
101 166
102 129
102 294
102 567
105 520
107 503
109 150
109 401
109 568
111 391
113 221
114 473
115 335
116 234
117 514
118 466
120 196
121 127
121 230
121 325
121 420
123 188
125 226
126 518
133 215
134 395
134 590
139 181
140 154
140 518
140 522
141 477
142 356
143 396
143 451
145 240
148 314
149 570
150 260
150 358
151 410
155 212
155 521
156 307
160 288
161 598
163 185
164 243
165 249
167 244
167 257
167 293
168 533
170 311
175 452
176 398
176 422
179 298
180 270
182 200
185 450
185 594
189 467
191 465
192 264
194 320
196 215
199 563
204 311
206 404
207 371
221 293
223 227
223 577
225 438
230 323
230 439
231 336
232 531
233 274
237 370
240 413
241 262
244 318
245 416
248 384
248 539
250 384
258 278
258 554
259 599
261 545
264 311
266 349
272 337
277 406
279 508
281 420
281 587
283 444
286 524
288 424
289 523
291 294
291 531
296 397
297 552
298 375
300 403
305 506
305 591
306 464
308 468
313 437
314 419
315 382
318 539
318 572
319 408
321 391
321 548
323 512
325 372
325 443
328 575
329 354
330 427
332 386
335 408
337 575
340 528
346 356
348 378
348 589
352 439
352 466
360 524
360 596
363 434
363 585
365 402
368 469
377 462
379 405
382 457
382 580
385 522
388 550
389 534
391 445
391 586
392 428
396 526
396 541
400 481
400 597
401 486
409 454
410 499
413 556
414 464
433 460
438 460
444 504
445 584
446 480
458 472
470 570
481 595
482 549
493 516
495 573
498 548
518 594
520 556
526 557
547 575
582 597
