600 360 0.0 6 0
1 49
1 512
2 258
2 455
2 580
3 6
3 7
3 45
3 128
3 413
4 147
5 314
7 10
7 180
7 306
7 442
8 428
9 193
14 18
16 195
18 31
18 364
18 375
18 588
20 530
22 392
22 595
24 475
24 507
24 569
25 101
26 105
26 169
27 574
29 258
30 115
30 186
31 284
32 240
32 379
33 181
37 142
37 253
38 130
38 326
39 511
39 533
40 198
40 285
40 330
41 294
43 361
45 335
46 71
47 146
48 329
48 430
51 264
53 530
53 534
55 85
55 362
55 393
55 548
59 423
59 469
60 85
63 93
63 393
64 67
64 406
65 349
65 467
66 447
67 348
69 165
70 127
70 415
71 386
72 168
76 387
78 171
80 509
81 231
82 180
82 330
83 236
83 513
85 385
86 348
86 551
87 197
88 314
88 462
89 247
91 218
92 294
92 384
92 422
93 424
93 457
94 468
96 220
96 571
96 578
97 594
98 578
100 332
101 141
101 336
101 397
102 524
103 182
104 275
106 169
107 181
107 219
108 115
108 527
109 225
109 592
109 594
112 434
114 452
115 231
115 395
115 418
116 589
117 333
119 121
125 345
125 376
125 578
126 489
127 138
128 230
129 492
129 568
130 224
130 489
136 183
137 492
139 265
140 600
141 208
141 492
142 243
142 351
142 437
143 211
143 399
144 225
144 260
144 437
145 378
146 361
147 258
149 202
149 233
150 504
153 341
153 351
153 577
153 597
154 259
154 285
155 417
156 289
159 272
159 436
160 591
161 520
162 244
162 476
165 510
166 248
166 459
166 463
168 545
171 472
171 507
171 571
173 182
173 458
174 540
174 564
175 249
175 436
176 399
179 299
180 278
181 234
181 570
184 297
184 497
185 591
186 409
187 341
189 249
190 265
191 560
193 398
195 252
198 529
199 265
199 457
200 499
200 507
202 299
209 414
211 364
211 535
212 546
212 600
213 256
214 344
215 224
215 234
218 369
224 300
228 563
229 470
230 517
231 408
232 447
236 252
238 478
239 281
241 342
242 396
243 330
245 389
245 486
245 581
248 539
249 414
250 341
252 263
253 504
259 440
261 294
265 487
267 352
267 363
267 444
269 367
273 302
273 501
273 596
275 491
275 516
276 389
278 345
280 380
283 450
284 366
284 378
284 426
284 433
284 592
287 310
287 536
289 483
291 567
292 299
294 465
294 506
296 365
299 526
303 517
304 468
304 488
304 591
305 581
306 367
306 488
307 356
308 507
310 393
312 329
315 413
315 450
318 555
320 528
321 498
323 444
324 412
327 438
327 536
327 553
333 461
335 449
336 412
338 341
340 407
342 523
343 438
344 355
345 512
346 360
358 522
358 538
363 574
364 494
366 407
366 572
368 401
376 547
378 585
384 582
386 535
390 446
393 475
396 406
400 445
401 548
404 548
406 539
411 563
412 466
412 539
414 573
414 596
417 523
420 581
426 431
429 475
429 535
433 476
433 536
435 440
437 493
442 513
443 555
444 594
455 478
455 481
456 495
458 580
463 514
465 523
467 562
470 540
473 582
478 532
480 519
480 556
488 492
489 558
496 561
499 529
499 553
500 515
504 585
524 525
534 582
545 548
550 595
552 566
563 582
