600 540 0.0 7 0
1 353
1 492
1 530
1 542
2 89
2 302
2 522
2 559
3 149
4 75
4 543
5 14
5 171
5 302
5 347
6 177
6 275
6 460
8 154
9 518
12 107
12 551
13 52
13 205
14 367
15 89
15 345
15 486
16 34
17 567
17 585
18 60
18 133
19 68
19 221
20 504
20 558
22 335
23 219
23 346
24 82
25 145
25 366
26 81
26 486
27 395
28 549
30 279
34 260
36 209
37 314
37 331
38 460
39 409
40 63
41 126
41 276
41 310
41 318
41 595
43 393
44 109
44 207
44 290
44 353
44 410
45 105
45 276
45 600
46 280
47 371
48 130
49 74
49 262
50 543
51 198
51 257
51 484
51 519
52 201
53 99
53 265
53 394
54 134
55 255
55 535
56 131
56 185
56 314
56 317
57 199
57 382
57 484
57 525
58 232
60 265
61 217
61 529
63 153
63 210
63 412
64 264
66 345
67 499
68 181
69 336
70 506
70 515
73 253
73 509
74 214
76 267
76 306
77 78
77 282
77 524
79 137
79 422
81 439
82 240
84 211
85 292
86 115
86 128
86 230
86 316
86 393
86 435
86 593
87 144
87 168
87 361
89 276
89 465
89 512
91 240
91 417
91 597
92 177
93 140
93 390
94 342
95 201
95 217
95 471
96 358
96 468
97 517
98 385
99 252
99 505
101 247
103 277
103 296
103 328
103 450
104 146
104 160
104 493
105 581
106 556
109 123
109 468
110 193
111 370
111 413
112 431
113 276
113 349
115 345
116 378
118 572
121 262
123 359
124 338
126 320
126 435
127 329
127 576
129 172
129 245
129 265
129 527
130 264
130 437
130 440
131 292
131 432
131 560
131 574
131 584
132 382
132 487
133 366
133 483
133 518
135 269
135 298
135 335
136 242
140 449
141 252
141 492
142 507
142 533
143 483
144 282
144 477
144 523
145 360
145 588
146 185
147 452
148 218
148 391
148 481
149 302
150 178
150 182
150 283
150 538
150 598
151 153
151 255
151 580
152 600
153 228
153 417
153 548
156 315
156 355
157 190
157 317
157 514
159 198
160 171
160 306
160 533
161 256
161 382
161 541
163 261
165 538
165 582
166 495
167 350
167 430
168 517
169 214
171 231
172 361
173 495
173 506
173 580
174 230
175 434
175 595
176 187
176 319
177 434
180 369
180 433
181 287
182 486
183 274
183 569
187 511
187 551
188 200
188 269
188 492
189 310
189 513
190 439
190 581
191 419
191 566
192 194
192 291
193 467
194 288
194 371
194 388
194 500
194 529
195 293
197 482
198 203
198 344
198 439
199 365
200 209
201 336
201 447
201 599
202 299
203 241
203 369
203 488
204 392
204 469
204 496
205 403
206 291
206 335
207 403
207 451
208 444
210 365
211 422
214 291
214 424
215 494
216 336
217 320
218 282
218 444
218 461
218 474
222 288
222 504
222 578
224 468
225 521
227 439
227 494
227 533
228 353
229 314
230 417
230 484
231 281
231 374
232 483
233 331
234 254
234 381
235 515
237 316
237 473
239 290
239 524
239 546
239 593
241 320
241 568
243 422
245 580
246 332
246 436
247 279
247 296
247 552
249 304
249 414
250 266
250 452
252 417
252 530
253 402
257 477
257 480
258 514
260 373
262 543
262 568
263 280
267 321
268 448
271 301
274 485
274 585
275 444
277 316
277 558
278 281
278 353
278 404
280 312
281 532
282 545
285 305
286 401
286 453
287 386
288 517
289 575
290 570
291 360
294 479
296 477
296 577
299 348
300 371
300 540
302 317
302 541
304 436
305 577
306 366
308 542
308 589
309 352
309 422
309 534
311 412
311 481
313 595
313 596
313 599
314 452
314 525
314 598
315 524
316 503
317 391
319 401
319 473
324 368
325 396
326 364
327 437
327 463
327 594
328 368
329 568
331 391
332 459
333 510
336 388
340 458
340 469
341 415
342 520
344 353
346 477
348 423
348 566
349 453
349 584
350 368
351 532
352 527
353 523
354 419
358 543
360 568
365 557
368 498
369 543
371 593
376 377
380 491
382 535
385 410
387 418
390 459
393 547
395 528
395 594
396 490
397 528
398 567
399 405
399 520
400 558
403 537
404 592
405 508
406 418
406 500
409 513
411 508
415 416
422 481
424 426
426 531
426 548
432 507
432 561
433 487
436 484
437 560
439 460
439 491
440 595
441 514
442 523
446 493
448 480
449 564
451 496
452 598
456 490
457 458
458 490
460 483
461 577
462 536
464 508
468 549
471 596
473 475
473 560
476 508
477 498
478 558
480 514
480 592
482 523
487 578
491 592
494 570
498 591
499 544
506 525
506 531
506 540
506 595
507 541
511 523
512 576
513 598
515 558
515 595
519 547
520 531
524 537
525 592
527 575
528 589
532 536
536 595
540 566
544 582
547 598
549 561
550 559
568 583
597 599
